data = {
    'C1': [30.00, 31.00, 30.00, 28.00, 15.00, 24.00, 22.00, 25.00, 29.00, 32.00, 22.00, 27.00, 25.00, 27.00, 32.00, 25.00, 22.00, 21.00, 24.00, 30.00, 29.00, 29.00, 23.00, 28.00, 30.00, 32.00, 21.00, 29.00, 25.00, 23.00, 24.00, 29.00],
    'C2': [22.00, 32.00, 28.00, 25.00, 16.00, 27.00, 16.00, 29.00, 17.00, 32.00, 21.00, 19.00, 20.00, 19.00, 31.00, 15.00, 12.00, 11.00, 24.00, 19.00, 20.00, 23.00, 17.00, 25.00, 24.00, 32.00, 19.00, 23.00, 16.00, 6.00, 19.00, 29.00],
    'C3': [32.00, 32.00, 31.00, 23.00, 32.00, 32.00, 30.00, 32.00, 31.00, 32.00, 32.00, 32.00, 32.00, 32.00, 32.00, 32.00, 28.00, 31.00, 32.00, 32.00, 32.00, 32.00, 32.00, 31.00, 32.00, 32.00, 32.00, 32.00, 32.00, 32.00, 31.00, 32.00],
    'C4': [31.00, 32.00, 30.00, 24.00, 32.00, 31.00, 29.00, 32.00, 32.00, 32.00, 31.00, 32.00, 32.00, 29.00, 32.00, 32.00, 27.00, 32.00, 32.00, 31.00, 32.00, 31.00, 32.00, 32.00, 31.00, 32.00, 31.00, 32.00, 28.00, 32.00, 32.00, 32.00],
    'C5': [13.00, 13.00, 28.00, 26.00, 1.00, 29.00, 20.00, 17.00, 13.00, 29.00, 12.00, 22.00, 10.00, 20.00, 20.00, 17.00, 9.00, 17.00, 19.00, 26.00, 16.00, 30.00, 8.00, 25.00, 9.00, 22.00, 19.00, 23.00, 12.00, 16.00, 16.00, 21.00],
    'C6': [9.00, 19.00, 26.00, 21.00, 1.00, 29.00, 16.00, 13.00, 12.00, 26.00, 18.00, 24.00, 8.00, 22.00, 22.00, 20.00, 7.00, 22.00, 20.00, 20.00, 21.00, 28.00, 12.00, 22.00, 14.00, 21.00, 20.00, 24.00, 12.00, 22.00, 17.00, 19.00],
    'C7': [32.00, 32.00, 28.00, 23.00, 28.00, 28.00, 31.00, 30.00, 25.00, 32.00, 31.00, 32.00, 29.00, 27.00, 30.00, 29.00, 26.00, 28.00, 32.00, 31.00, 32.00, 32.00, 31.00, 26.00, 31.00, 32.00, 31.00, 31.00, 24.00, 26.00, 30.00, 31.00],
    'C8': [32.00, 31.00, 27.00, 22.00, 27.00, 31.00, 32.00, 29.00, 27.00, 32.00, 30.00, 30.00, 29.00, 26.00, 31.00, 30.00, 25.00, 31.00, 32.00, 32.00, 32.00, 32.00, 32.00, 25.00, 31.00, 32.00, 32.00, 32.00, 24.00, 25.00, 31.00, 30.00]
}
# C1: upright (low, high) C2: upright (low, low) C3: upright (high, high) C4: upright (high, low) C5: inverted (low, high) C6: inverted (low, low) C7: inverted (high, high) C8: inverted (high, low) 
